{
 "cells": [
  {
   "cell_type": "markdown",
   "metadata": {},
   "source": [
    "## Dimensionality Reduction"
   ]
  },
  {
   "cell_type": "markdown",
   "metadata": {},
   "source": [
    "- __Feature Extraction__ : _An alternative approach to feature selection for_ Dimensionality Reduction.\n",
    "- In feature selection we maintian the original features, we use feature extraction to transform or__project the data onto a new feature space__.\n",
    "- In the context of __dimensionality reduction__, feature extraction can be understood as an approach to __data compression with the goal of maintaining most of th relevant information.__\n",
    "\n",
    "__Note :__ In practice, feature extraction is not only used to improve storage space or computational efficiency of learning algorithm ,  but can also improve the predictive performance by reducing the _curse of dimensionality_ - especially if we are working with _non-regularized_ models."
   ]
  },
  {
   "cell_type": "markdown",
   "metadata": {},
   "source": [
    "### Principal Component Analysis - unsupervised linear transformation\n",
    "\n",
    "- PCA wildely used across fields, most prominently for feature extraction and dimensionality reduction.\n",
    "- Other applications, in de-noising the signals in stock-market trading, and analysis of genome data and gene expresssions levels.\n"
   ]
  },
  {
   "cell_type": "markdown",
   "metadata": {},
   "source": [
    "__PCA__ helps to identify patterns based on <u><font style=\"color:#0073e6\">correlation between features</font></u>.<br>\n",
    "__PCA aims__ to <font style=\"color:#0073e6\">find the direction of maximum variance</font> in high-dimensional data and __projects it into a new subspace__ with equal ro less fewer dimensions.</font>\n",
    "> The __orthogonal axes(principal component)__ of new subspace can be interpreted as the directions of maximum variance given the constraint that, new feature are orthogonal to each other."
   ]
  },
  {
   "cell_type": "markdown",
   "metadata": {},
   "source": [
    "![pca](pca.png)\n",
    "\n",
    "- __x1__ and __x2__ are orignial featues, and __PC1__ and __PC2__ are principal components"
   ]
  },
  {
   "cell_type": "markdown",
   "metadata": {},
   "source": [
    "Summarize the approach of PCA:<br>\n",
    "1. Standarize the d-dimensional dataset\n",
    "2. Construct the covariance matrix\n",
    "3. Decompose the covariance matrix into its eigenvectors and eigenvalues.\n",
    "4. Sort the eigenvalues by decreasing order to rank the corresponding eigenvectors.\n",
    "5. select _k_ eigenvectors which corresponds to the _k_ largest eigenvalues, where _k_ is the dimensionality of the new feature subspace $ k \\leq d$\n",
    "6. Construct a projection matrix __W__ form the \"top\" _k_ eigenvectors.\n",
    "7. Transform the _d_-dimensional input dataset __X__ using the projection matrix __W__ to obtain the new _k_-dimensional feature subspace."
   ]
  },
  {
   "cell_type": "markdown",
   "metadata": {},
   "source": [
    "As a result of transformation, __first principal component will have the larges possible variance, and all consequent principal component will have the largest variance given the constraint that these components are uncorrelated(orthogonal) to other principal components --even if the input features are correlated, the resulting principal component will be mutually orthogonal (uncorrelated).__\n",
    "\n",
    "__Note :__ PCA are highly sensitive to data scaling, we need to standarize feature __prior to PCA__."
   ]
  },
  {
   "cell_type": "code",
   "execution_count": null,
   "metadata": {
    "collapsed": true
   },
   "outputs": [],
   "source": [
    "import pandas as pd"
   ]
  },
  {
   "cell_type": "code",
   "execution_count": null,
   "metadata": {
    "collapsed": true
   },
   "outputs": [],
   "source": [
    "df_wine = pd.read_csv('https://archive.ics.uci.edu/ml/machine-learning-databases/wine/wine.data',header=None)"
   ]
  },
  {
   "cell_type": "code",
   "execution_count": null,
   "metadata": {
    "collapsed": true
   },
   "outputs": [],
   "source": [
    "from sklearn.model_selection import train_test_split\n",
    "X, y = df_wine.iloc[: ,1:].values , df_wine.iloc[:,0].values\n",
    "X_train, X_test, y_train, y_test = train_test_split(X, y, test_size=0.3, random_state=0, stratify=y)"
   ]
  },
  {
   "cell_type": "code",
   "execution_count": 1,
   "metadata": {
    "collapsed": true
   },
   "outputs": [],
   "source": [
    "from sklearn.preprocessing import StandardScaler\n",
    "sc = StandardScaler()\n",
    "X_train_std = sc.fit_transform(X_train)\n",
    "X_test_std = sc.fit_transform(X_test)"
   ]
  },
  {
   "cell_type": "code",
   "execution_count": 2,
   "metadata": {
    "collapsed": true
   },
   "outputs": [],
   "source": [
    "df_wine = pd.read_csv('https://archive.ics.uci.edu/ml/machine-learning-databases/wine/wine.data',header=None)"
   ]
  },
  {
   "cell_type": "code",
   "execution_count": 4,
   "metadata": {
    "collapsed": true
   },
   "outputs": [],
   "source": [
    "from sklearn.model_selection import train_test_split\n",
    "X, y = df_wine.iloc[: ,1:].values , df_wine.iloc[:,0].values\n",
    "X_train, X_test, y_train, y_test = train_test_split(X, y, test_size=0.3, random_state=0, stratify=y)"
   ]
  },
  {
   "cell_type": "code",
   "execution_count": 5,
   "metadata": {
    "collapsed": true
   },
   "outputs": [],
   "source": [
    "from sklearn.preprocessing import StandardScaler\n",
    "sc = StandardScaler()\n",
    "X_train_std = sc.fit_transform(X_train)\n",
    "X_test_std = sc.fit_transform(X_test)"
   ]
  },
  {
   "cell_type": "markdown",
   "metadata": {
    "collapsed": true
   },
   "source": [
    "- The symmetric _dxd_- dimensional covariance matrix, where _d_ is the number of dimensions in the dataset, stores the pairwise covariances betweent he different features.<br>\n",
    "- The covariance between two features $x_j$ and $x_k$ on the __population level__ can be calculated as:\n",
    "\n",
    "<br>\n",
    "<center style='font-size:16px;'> $ \\sigma_{jk} \\space = \\space \\frac {1}{n} \\sum_{i=1}^{n}\\left(x_j^{(i)} - \\mu_j\\right)\\left(x_k^{(i)} - \\mu_k\\right)$</center>\n",
    "\n",
    "\n",
    "<br>\n",
    "where $\\mu_{j}$ and $\\mu_k$, are the sample means of feature _j_ and _k_<br>\n",
    "__Note:__ that the sample means are zero if we standarized the dataset."
   ]
  },
  {
   "cell_type": "code",
   "execution_count": null,
   "metadata": {
    "collapsed": true
   },
   "outputs": [],
   "source": [
    "import numpy as np\n",
    "cov_mat = np.cov(X_train_std.T)"
   ]
  },
  {
   "cell_type": "code",
   "execution_count": 10,
   "metadata": {
    "collapsed": true
   },
   "outputs": [
    {
     "data": {
      "text/plain": [
       "array([[ 1.00813008,  0.06709556,  0.17405351, -0.35439069,  0.26374703,\n",
       "         0.29079481,  0.21835807, -0.08111974,  0.10436705,  0.54282846,\n",
       "         0.05893536, -0.01797029,  0.6415292 ],\n",
       "       [ 0.06709556,  1.00813008,  0.08326463,  0.26356776, -0.11349172,\n",
       "        -0.33735555, -0.41035281,  0.33653916, -0.21602672,  0.17504154,\n",
       "        -0.551593  , -0.40561695, -0.24089991],\n",
       "       [ 0.17405351,  0.08326463,  1.00813008,  0.46420355,  0.29092834,\n",
       "         0.18020384,  0.15537535,  0.15918823, -0.00703776,  0.20549146,\n",
       "         0.00665422,  0.02039019,  0.223495  ],\n",
       "       [-0.35439069,  0.26356776,  0.46420355,  1.00813008, -0.07406447,\n",
       "        -0.28060672, -0.31391899,  0.31581353, -0.24621059, -0.08872685,\n",
       "        -0.22595587, -0.16799906, -0.46393412],\n",
       "       [ 0.26374703, -0.11349172,  0.29092834, -0.07406447,  1.00813008,\n",
       "         0.25667578,  0.21025773, -0.26003426,  0.19601657,  0.20606456,\n",
       "         0.13359768,  0.06633258,  0.41810999],\n",
       "       [ 0.29079481, -0.33735555,  0.18020384, -0.28060672,  0.25667578,\n",
       "         1.00813008,  0.87123661, -0.44979792,  0.62334099, -0.05689854,\n",
       "         0.50664086,  0.71978745,  0.52986924],\n",
       "       [ 0.21835807, -0.41035281,  0.15537535, -0.31391899,  0.21025773,\n",
       "         0.87123661,  1.00813008, -0.54824079,  0.64800868, -0.15864896,\n",
       "         0.60417124,  0.79319622,  0.52836141],\n",
       "       [-0.08111974,  0.33653916,  0.15918823,  0.31581353, -0.26003426,\n",
       "        -0.44979792, -0.54824079,  1.00813008, -0.39989328,  0.19810581,\n",
       "        -0.36629252, -0.57622953, -0.34099709],\n",
       "       [ 0.10436705, -0.21602672, -0.00703776, -0.24621059,  0.19601657,\n",
       "         0.62334099,  0.64800868, -0.39989328,  1.00813008, -0.00330144,\n",
       "         0.32019524,  0.50615495,  0.32976133],\n",
       "       [ 0.54282846,  0.17504154,  0.20549146, -0.08872685,  0.20606456,\n",
       "        -0.05689854, -0.15864896,  0.19810581, -0.00330144,  1.00813008,\n",
       "        -0.45834115, -0.4666752 ,  0.32156154],\n",
       "       [ 0.05893536, -0.551593  ,  0.00665422, -0.22595587,  0.13359768,\n",
       "         0.50664086,  0.60417124, -0.36629252,  0.32019524, -0.45834115,\n",
       "         1.00813008,  0.6435365 ,  0.35356248],\n",
       "       [-0.01797029, -0.40561695,  0.02039019, -0.16799906,  0.06633258,\n",
       "         0.71978745,  0.79319622, -0.57622953,  0.50615495, -0.4666752 ,\n",
       "         0.6435365 ,  1.00813008,  0.26670793],\n",
       "       [ 0.6415292 , -0.24089991,  0.223495  , -0.46393412,  0.41810999,\n",
       "         0.52986924,  0.52836141, -0.34099709,  0.32976133,  0.32156154,\n",
       "         0.35356248,  0.26670793,  1.00813008]])"
      ]
     },
     "execution_count": 10,
     "metadata": {},
     "output_type": "execute_result"
    }
   ],
   "source": [
    "cov_mat"
   ]
  },
  {
   "cell_type": "markdown",
   "metadata": {},
   "source": [
    "- The eigenvectors of the covariance matrix represent the principal component(__the direction of maximum variance__), whereas the corresponding eigenvalues will define their magnitude<br>\n",
    "<br>\n",
    "an eigenvector __v__ satisfies the following condition: <br>\n",
    "\n",
    "<center> $ \\sum  v = \\lambda v$</center><br>\n",
    "where;<br>\n",
    "$\\sum$: is the covariance matrix<br>\n",
    "v: is the eigenvector<br>\n",
    "$\\lambda$: is the eigenvalue"
   ]
  },
  {
   "cell_type": "code",
   "execution_count": 62,
   "metadata": {
    "collapsed": true
   },
   "outputs": [],
   "source": [
    "eigen_value, eigen_vecs = np.linalg.eig(cov_mat)"
   ]
  },
  {
   "cell_type": "code",
   "execution_count": 7,
   "metadata": {
    "collapsed": true
   },
   "outputs": [
    {
     "data": {
      "text/plain": [
       "array([ 4.84274532,  2.41602459,  1.54845825,  0.96120438,  0.84166161,\n",
       "        0.6620634 ,  0.51828472,  0.34650377,  0.3131368 ,  0.10754642,\n",
       "        0.21357215,  0.15362835,  0.1808613 ])"
      ]
     },
     "execution_count": 7,
     "metadata": {},
     "output_type": "execute_result"
    }
   ],
   "source": [
    "#  Printing the eigen values\n",
    "eigen_value"
   ]
  },
  {
   "cell_type": "code",
   "execution_count": 9,
   "metadata": {
    "collapsed": true
   },
   "outputs": [
    {
     "data": {
      "text/plain": [
       "array([[ -1.37242175e-01,   5.03034778e-01,  -1.37748734e-01,\n",
       "         -3.29610003e-03,  -2.90625226e-01,   2.99096847e-01,\n",
       "          7.90529293e-02,  -3.68176414e-01,  -3.98377017e-01,\n",
       "         -9.44869777e-02,   3.74638877e-01,  -1.27834515e-01,\n",
       "          2.62834263e-01],\n",
       "       [  2.47243265e-01,   1.64871190e-01,   9.61503863e-02,\n",
       "          5.62646692e-01,   8.95378697e-02,   6.27036396e-01,\n",
       "         -2.74002014e-01,  -1.25775752e-02,   1.10458230e-01,\n",
       "          2.63652406e-02,  -1.37405597e-01,   8.06401578e-02,\n",
       "         -2.66769211e-01],\n",
       "       [ -2.54515927e-02,   2.44564761e-01,   6.77775667e-01,\n",
       "         -1.08977111e-01,  -1.60834991e-01,   3.89128239e-04,\n",
       "          1.32328045e-01,   1.77578177e-01,   3.82496856e-01,\n",
       "          1.42747511e-01,   4.61583035e-01,   1.67924873e-02,\n",
       "         -1.15542548e-01],\n",
       "       [  2.06945084e-01,  -1.13529045e-01,   6.25040550e-01,\n",
       "          3.38187002e-02,   5.15873402e-02,  -4.05836452e-02,\n",
       "          2.23999097e-01,  -4.40592110e-01,  -2.43373853e-01,\n",
       "         -1.30485780e-01,  -4.18953989e-01,  -1.10845657e-01,\n",
       "          1.99483410e-01],\n",
       "       [ -1.54365821e-01,   2.89745182e-01,   1.96135481e-01,\n",
       "         -3.67511070e-01,   6.76487073e-01,   6.57772614e-02,\n",
       "         -4.05268966e-01,   1.16617503e-01,  -2.58982359e-01,\n",
       "         -6.76080782e-02,   1.00470630e-02,   7.93879562e-02,\n",
       "          2.89018810e-02],\n",
       "       [ -3.93769523e-01,   5.08010391e-02,   1.40310572e-01,\n",
       "          2.40245127e-01,  -1.18511144e-01,  -5.89776247e-02,\n",
       "         -3.47419412e-02,   3.50192127e-01,  -3.42312860e-01,\n",
       "          4.59917661e-01,  -2.21254241e-01,  -4.91459313e-01,\n",
       "         -6.63868598e-02],\n",
       "       [ -4.17351064e-01,  -2.28733792e-02,   1.17053859e-01,\n",
       "          1.87053299e-01,  -1.07100349e-01,  -3.01103180e-02,\n",
       "          4.17835724e-02,   2.18718183e-01,  -3.61231642e-02,\n",
       "         -8.14583947e-01,  -4.17513600e-02,  -5.03074004e-02,\n",
       "         -2.13349079e-01],\n",
       "       [  3.05728961e-01,   9.04888470e-02,   1.31217777e-01,\n",
       "         -2.29262234e-02,  -5.07581610e-01,  -2.71728086e-01,\n",
       "         -6.31145686e-01,   1.97129425e-01,  -1.71436883e-01,\n",
       "         -9.57480885e-02,  -8.87569452e-02,   1.75328030e-01,\n",
       "          1.86391279e-01],\n",
       "       [ -3.06683469e-01,   8.35232677e-03,   3.04309008e-02,\n",
       "          4.96262330e-01,   2.01634619e-01,  -4.39997519e-01,\n",
       "         -3.23122775e-01,  -4.33055871e-01,   2.44370210e-01,\n",
       "          6.72468934e-02,   1.99921861e-01,  -3.67595797e-03,\n",
       "          1.68082985e-01],\n",
       "       [  7.55406578e-02,   5.49775805e-01,  -7.99299713e-02,\n",
       "          1.06482939e-01,   5.73607091e-03,  -4.11743459e-01,\n",
       "          2.69082623e-01,  -6.68411823e-02,  -1.55514919e-01,\n",
       "          8.73336218e-02,  -2.21668868e-01,   3.59756535e-01,\n",
       "         -4.66369031e-01],\n",
       "       [ -3.26132628e-01,  -2.07164328e-01,   5.30591506e-02,\n",
       "         -3.69053747e-01,  -2.76914216e-01,   1.41673377e-01,\n",
       "         -3.02640661e-01,  -4.59762295e-01,   2.11961247e-02,\n",
       "          1.29061125e-01,  -9.84694573e-02,   4.04669797e-02,\n",
       "         -5.32483880e-01],\n",
       "       [ -3.68610222e-01,  -2.49025357e-01,   1.32391030e-01,\n",
       "          1.42016088e-01,  -6.66275572e-02,   1.75842384e-01,\n",
       "          1.30540143e-01,   1.10827548e-01,  -2.38089559e-01,\n",
       "          1.87646268e-01,   1.91205783e-02,   7.42229543e-01,\n",
       "          2.37835283e-01],\n",
       "       [ -2.96696514e-01,   3.80229423e-01,  -7.06502178e-02,\n",
       "         -1.67682173e-01,  -1.28029045e-01,   1.38018388e-01,\n",
       "          8.11335043e-04,   5.60817288e-03,   5.17278463e-01,\n",
       "          1.21112574e-02,  -5.42532072e-01,   3.87395209e-02,\n",
       "          3.67763359e-01]])"
      ]
     },
     "execution_count": 9,
     "metadata": {},
     "output_type": "execute_result"
    }
   ],
   "source": [
    "# Printe the eigen vectors\n",
    "eigen_vecs"
   ]
  },
  {
   "cell_type": "markdown",
   "metadata": {},
   "source": [
    "_Variance explained ratio_: The variance explained ratio of an eigenvalue $\\lambda_j$ is simply the fraction of an eigenvalue $\\lambda_j$ and the total sum of the eigenvalues:<br><br>\n",
    "\n",
    "<center style='font-size:16px;'>$ \\frac {\\lambda_j}{\\sum_{j=1}^{d} \\space \\lambda _j}$</center>"
   ]
  },
  {
   "cell_type": "code",
   "execution_count": 13,
   "metadata": {
    "collapsed": true
   },
   "outputs": [],
   "source": [
    "tot = sum(eigen_value)\n",
    "var_expld = [ i/tot for i in sorted(eigen_value, reverse=True)]\n",
    "cum_var_expld = np.cumsum(var_expld)"
   ]
  },
  {
   "cell_type": "code",
   "execution_count": 64,
   "metadata": {},
   "outputs": [
    {
     "data": {
      "image/png": "iVBORw0KGgoAAAANSUhEUgAAAYcAAAEWCAYAAACNJFuYAAAABHNCSVQICAgIfAhkiAAAAAlwSFlz\nAAALEgAACxIB0t1+/AAAIABJREFUeJzt3Xl8VOXZ//HPFcBGdllUFDRokX01LFYFHpXFRwU3Cii2\nQEWrotZWq9VWhYc+j23dKvpTcYsbKu64IaJQdyEgIosK1aihqICIgoDEXL8/zpk4ZCbJCWQymfB9\nv17zylnvc81JMtfc9znnvs3dERERiZeV7gBERKTmUXIQEZEESg4iIpJAyUFERBIoOYiISAIlBxER\nSaDkIGljZgeY2SYzq5PuWFLNzPLMbErEbV8ws1+nIIYcM3Mzq1vVZccd4zYz+0uqypfqo+QgkZjZ\nLDObnGT5cDP7Ymc+cNz9M3dv6O4/Vk2Uu87MCsxsS5i0Yq+bqzMGdz/W3e+tzmPuDDMba2avxy9z\n99+6+/+kKyapOkoOEtW9wBgzs1LLzwAedPeiyhSWym+vVeCEMGnFXhPTHVB1q+G/H6kGSg4S1VNA\nc+DI2AIz2ws4HrgvnD/OzN41s2/N7HMzuzpu21iTxm/M7DPgldLNHGY2zsxWmNl3ZvaxmZ0dt/9A\nMys0sz+Y2VdmtsbMxsWt39PMrjOzT81so5m9bmZ7huv6mdmbZvaNmb1nZgN35gSY2a1m9njc/N/M\n7GULxOK73MzWhTWQ08soZy8ze9bM1prZhnC6ddz6eWZ2Zjg9Nnwv14bbfmJmx8Zt28TM7grPx2oz\nmxJrpjOzOuF+68zsY+C4Ct5fgZldamZLgM1mVtfMLjOzf4e/k+VmdlK4bUfgNuCwsHb1Tbh8h+Yz\nM5tgZqvM7Gszm2lm+1X+zEs6KDlIJO6+BZgB/Cpu8S+BD9z9vXB+c7i+KcEH0TlmdmKpogYAHYEh\nSQ7zFUGyaQyMA24ws15x6/cFmgD7A78BbgkTFMC1wKHAL4BmwB+BYjPbH3gOmBIuvxh43MxaVuoE\nBP4AdA0/sI8MY/i1/9QHzb5AizC+XwPTzKx9knKygHuAA4EDgC1AeU1XfYEPw7L/DtwVV4PLA4qA\nnwM9gcHAmeG6CQTnsyeQC5wa4T2OJvjdNQ1rg/8m+ELQBJgEPGBmrdx9BfBb4K2wdtW0dEFmdhTw\nfwR/J62AT4GHI8QgNYG766VXpBdwBPANkB3OvwFcVM72NwI3hNM5gAMHxa2PLatbxv5PAReG0wMJ\nPkTrxq3/CuhH8GG7BeiepIxLgftLLXuR4EM92TELgE3h+4y9JsSt7wt8TfBBNzpu+UCCD+kGcctm\nAH8Jp/OAKWUcswewIW5+HnBmOD0WWBW3rn54zvYF9gG2AXvGrR8NzA2nXwF+G7ducAXnuwAYX8Hf\nwGJgeFxsr5daX/I+gbuAv8etawhsB3LS/besV8UvtStKZO7+upmtA040swVAH+Dk2Hoz6wtcA3QB\n9gB+BjxaqpjPyyo/bC65CjiE4AO/PvB+3CbrfcdrG98TfOC0ALIJvuWWdiAwwsxOiFtWD5hb9jvl\nRHefk2yFu78TNtHsTfDhH2+Du2+Om/8USGhGMbP6wA3AUCBW82lkZnU8+cX5L+KO/31YaWhIUBOq\nB6yJuxSUxU/neD92PN+fJntPpezw+zGzXwG/J0jkseO2iFBO7PiL4mLfZGbrCWpWBRHLkDRRs5JU\n1n0ETUdjgBfd/cu4ddOBmUAbd29C0CZd+gJ20m6AzexnwOMEzUP7eNBM8XyS/ZNZB2wFDk6y7nOC\nmkPTuFcDd78mQrnJ4jyPIOn9h6DpKt5eZtYgbv6AcLvS/gC0B/q6e2Ogf6z4SobzOUHNoUXce2vs\n7p3D9WuANqXiqUjJ78fMDgTuACYCzcPfydK4OCvq0vk/BMk5Vl4DgutWqyPEIWmm5CCVdR9wDEF7\ndunbLRsBX7v7VjPrA5xWiXJjNY21QFFYixgcZUd3LwbuBq43s/3CC7GHhQnnAeAEMxsSLs8OLx63\nLr/URGZ2CMG1izEEd2n90cx6lNpskpntEV6TOJ7EmhME52kL8I2ZNSOoLVWau68BZgPXmVljM8sy\ns4PNbEC4yQzgAjNrHV6buaySh2hAkADWQnDDAEGtMOZLoLWZ7VHG/g8B48ysR/i7+F/gHXcvqGQc\nkgZKDlIp4T/2mwQfHDNLrT4XmGxm3wFXktjsUl653wEXhPtsIEgspcsvz8UETVALCK4J/A3IcvfP\ngeHA5QQfcp8Dl1D+3/4ztuNzDk9acEfVA8Df3P09d18Zlnl/+MEHQfPPBoJvzA8StPd/kKT8G4E9\nCWo8bwOzKvE+S/sVQWJdHh77MYKLvxB8638ReI+geeeJyhTs7suB64C3CBJBV4LrTDGvAMuAL8Lm\nxtL7zwH+QlAjXENQsxtVmRgkfcxdg/2I7Krw9tgH3L3SNRKRmkg1BxERSaDkICIiCdSsJCIiCVRz\nEBGRBBn3EFyLFi08Jycn3WGIiGSUhQsXrnP3yN3GZFxyyMnJIT8/P91hiIhkFDOL8oR8CTUriYhI\nAiUHERFJoOQgIiIJlBxERCSBkoOIiCRQchARkQQpSw5mdrcFY/0uLWO9mdlN4fiyS0oNBykiImmU\nyppDHsFIV2U5FmgXvs4Cbk1hLCIiUgkpewjO3V81s5xyNhkO3OdB505vm1nTcODyNamKSUQk1aa/\n8xlPL67cYHed9mvMVSd0rnjDapTOJ6T3Z8fxagvDZQnJwczOIqhdcMABUUY6FBFJbmc+vCvjnU++\nBqBv22YpO0Z1yIjuM9x9GjANIDc3V93IishOe3rxapav+ZZOrRqnpPy+bZsxvMf+nNY3s7/IpjM5\nrGbHwc9bo4HHRaQadGrVmEfOPizdYdRo6UwOM4GJZvYw0BfYqOsNIgKpbfpJZa2hNklZcjCzh4CB\nQAszKwSuAuoBuPttwPPAfwOrgO+BcamKRUQySyqbfjq1aszwHvtXebm1TSrvVhpdwXoHzkvV8UUk\ns6npJ70y4oK0iNQsqb7jR00/6afuM0Sk0mLNPqmipp/0U81BRHaKmn1qNyUHkVpIzT6yq9SsJFIL\nqdlHdpVqDiK1lJp9ZFeo5iAiIgmUHEREJIGalUTSQBeMpaZTzUEkDXTBWGo61RxE0kQXjKUmU81B\nREQSKDmIiEgCNSuJlEFjCsjuTDUHkTKk8qKxLhhLTaeag0g5dNFYdleqOYiISAIlBxERSaDkICIi\nCZQcREQkgZKDiIgkUHIQEZEEupVVMpZ6NhVJHdUcJGOpZ1OR1FHNQTKaHlITSQ3VHEREJIGSg4iI\nJFByEBGRBEoOIiKSQMlBREQSKDmIiEgCJQcREUmQ0ucczGwo8E+gDnCnu19Tav0BwL1A03Cby9z9\n+VTGJNVHTzCLZK6U1RzMrA5wC3As0AkYbWadSm32Z2CGu/cERgH/L1XxSPXTE8wimavCmoOZtQam\nAkcADrwGXOjuhRXs2gdY5e4fh+U8DAwHlsdt40Dsq18T4D+Vil5qPD3BLJKZotQc7gFmAq2A/YBn\nwmUV2R/4PG6+MFwW72pgjJkVAs8D5ycryMzOMrN8M8tfu3ZthEOLiMiuiJIcWrr7Pe5eFL7ygJZV\ndPzRQJ67twb+G7jfzBJicvdp7p7r7rktW1bVoUVEpCxRksN6MxtjZnXC1xhgfYT9VgNt4uZbh8vi\n/QaYAeDubwHZQIsIZYuISApFSQ7jgV8CXwBrgFOBcRH2WwC0M7O2ZrYHwQXnmaW2+Qw4GsDMOhIk\nB7UbiYikWYUXpN39U2BYZQt29yIzmwi8SHCb6t3uvszMJgP57j4T+ANwh5ldRHBxeqy7e2WPJSIi\nVavM5GBmf3T3v5vZVIIP7h24+wUVFR4+s/B8qWVXxk0vBw6vVMQiIpJy5dUcVoQ/86sjEBERqTnK\nTA7u/kw4+b27Pxq/zsxGpDQqERFJqygXpP8UcZmIiNQS5V1zOJbg2YP9zeymuFWNgaJUByYiIulT\n3jWH/xBcbxgGLIxb/h1wUSqDkuqhjvFEpCzlXXN4D3jPzKa7+/ZqjEmqSaxjvFR9gKtjPJHMFaXL\n7hwz+z+CnlWzYwvd/aCURSXVRh3jiUgyUTveu5XgOsN/AfcBD6QyKBERSa8oyWFPd38ZMHf/1N2v\nBo5LbVgiIpJOUZqVtoU9pa4Mu8NYDTRMbVgiIpJOUWoOFwL1gQuAQ4ExwK9TGZSIiKRXuTWHcKjP\nke5+MbCJaL2xiohIhiu35uDuPxIMDyoiIruRKNcc3jWzmcCjwObYQnd/ImVRiYhIWkVJDtkEI78d\nFbfMASUHEZFaKspgP7rOICKym4lyt5KIiOxmlBxERCSBkoOIiCSoMDmY2T5mdpeZvRDOdzKz36Q+\nNBERSZcodyvlEXS+d0U4/xHwCHBXimKSkMZbEJF0idKs1MLdZwDFAO5eBPyY0qgE+Gm8hVTReAsi\nUpYoNYfNZtac4NkGzKwfsDGlUUkJjbcgIukQJTn8HpgJHGxmbwAtgVNTGpWIiKRVlIfgFpnZAKA9\nYMCHGjZURKR2i3K30nlAQ3df5u5LgYZmdm7qQxMRkXSJckF6grt/E5tx9w3AhNSFJCIi6RYlOdQx\nM4vNhGM87JG6kEREJN2iXJCeBTxiZreH82eHy0REpJaKkhwuJUgI54TzLwF3piwiERFJuyh3KxUD\nt4YvERHZDVSYHMzscOBq4MBwewPc3Q9KbWgiIpIuUS5I3wVcTzCWdG8gN/xZITMbamYfmtkqM7us\njG1+aWbLzWyZmU2PGriIiKROlGsOG939hcoWHN7VdAswCCgEFpjZTHdfHrdNO+BPwOHuvsHM9q7s\ncUREpOpFSQ5zzewfBGNGb4stdPdFFezXB1jl7h8DmNnDwHBgedw2E4BbwmcncPevKhG7iIikSJTk\n0Df8mRu3zIGjKthvf+DzuPnCuLJiDgEI+2yqA1zt7rpNVqrM9u3bKSwsZOvWrekORaRaZGdn07p1\na+rVq7dL5US5W+m/dukIFR+/HTAQaA28amZd45/IBjCzs4CzAA444IAUhiO1TWFhIY0aNSInJ4e4\nZzlFaiV3Z/369RQWFtK2bdtdKitKzQEzOw7oDGTHBTG5gt1WA23i5luHy+IVAu+EHfl9YmYfESSL\nBfEbufs0YBpAbm6uR4lZBGDr1q1KDLLbMDOaN2/O2rVrd7msKB3v3QaMBM4nuI11BMFtrRVZALQz\ns7ZmtgcwiqDr73hPEdQaMLMWBM1MH0cNXiQKJQbZnVTV33uUW1l/4e6/Aja4+yTgMMJrBeUJR4yb\nCLwIrABmuPsyM5tsZsPCzV4E1pvZcmAucIm7r9+ZNyIiUFBQQJcuXSrcZvr0n+4az8/P54ILLkh1\naJXSsGHDCrf5xS9+USXHinLOdlZVxZgOUZqVtoQ/vzez/YD1QKsohbv788DzpZZdGTftBIMJ/T5S\ntCKyy2LJ4bTTTgMgNzeX3NzcCvaqed588810h1CmoqIi6tatW6NjrEiUmsOzZtYU+AewCCgAHkpl\nUCK1yX333Ue3bt3o3r07Z5xxBgBjx47lscceK9km9k153rx5DBgwgOHDh3PQQQdx2WWX8eCDD9Kn\nTx+6du3Kv//973L3j1dQUMCRRx5Jr1696NWrV8kH1WWXXcZrr71Gjx49uOGGG5g3bx7HH388xcXF\n5OTk8M03P90P0q5dO7788kvWrl3LKaecQu/evenduzdvvPFGwvF+/PFHLrnkEnr37k23bt24/fag\nr84nn3ySo48+GndnzZo1HHLIIXzxxRfk5eUxfPhwBg4cSLt27Zg0aVJCmZs2beLoo4+mV69edO3a\nlaeffjrpORs4cCCnnnoqHTp04PTTTyf43gkLFy5kwIABHHrooQwZMoQ1a9aULO/evTvdu3fnlltu\nSfp7GzVqFM8991zJfOycl3Ve582bx5FHHsmwYcPo1KnTDjGW9T4KCgro2LEjEyZMoHPnzgwePJgt\nW4Lv46tWreKYY46he/fu9OrVq+R3/49//KPkHF911VVJY68KUe5W+p9w8nEzexbIdneNIS0ZZ9Iz\ny1j+n2+rtMxO+zXmqhM6l7l+2bJlTJkyhTfffJMWLVrw9ddfV1jme++9x4oVK2jWrBkHHXQQZ555\nJvPnz+ef//wnU6dO5cYbb4wU2957781LL71EdnY2K1euZPTo0eTn53PNNddw7bXX8uyzzwLBhxpA\nVlYWw4cP58knn2TcuHG88847HHjggeyzzz6cdtppXHTRRRxxxBF89tlnDBkyhBUrVuxwvLvuuosm\nTZqwYMECtm3bxuGHH87gwYM56aSTePzxx7nllluYNWsWkyZNYt999wVg/vz5LF26lPr169O7d2+O\nO+64HWox2dnZPPnkkzRu3Jh169bRr18/hg0bltCu/u6777Js2TL2228/Dj/8cN544w369u3L+eef\nz9NPP03Lli155JFHuOKKK7j77rsZN24cN998M/379+eSSy5Jev5GjhzJjBkzOO644/jhhx94+eWX\nufXWW3H3pOcVYNGiRSxdujThTqGy3gfAypUreeihh7jjjjv45S9/yeOPP86YMWM4/fTTueyyyzjp\npJPYunUrxcXFzJ49m5UrVzJ//nzcnWHDhvHqq6/Sv3//SH8TlVFmcjCzo9z9FTM7Ock63P2JKo9G\npJZ55ZVXGDFiBC1atACgWbNmFe7Tu3dvWrUKWm4PPvhgBg8eDEDXrl2ZO3du5GNv376diRMnsnjx\nYurUqcNHH31U4T4jR45k8uTJjBs3jocffpiRI0cCMGfOHJYv/+n51W+//ZZNmzbtUGOZPXs2S5Ys\nKanRbNy4kZUrV9K2bVumTp1Kly5d6NevH6NHjy7ZZ9CgQTRv3hyAk08+mddff32H5ODuXH755bz6\n6qtkZWWxevVqvvzyy5LkEtOnTx9at24NQI8ePSgoKKBp06YsXbqUQYMGAUHNplWrVnzzzTd88803\nJR+oZ5xxBi+8kNgJxLHHHsuFF17Itm3bmDVrFv3792fPPfdk48aNZZ7XPn36JL2FtKz3AdC2bVt6\n9OgBwKGHHkpBQQHfffcdq1ev5qSTTgKC5BI7x7Nnz6Znz55AUCNZuXJl9SYHYADwCnBCknVO8MT0\nbm/6O5/x9OLSd+hWjeVrvqVTq8YpKXt3VN43/OpWt25diouLASguLuaHH34oWfezn/2sZDorK6tk\nPisri6Kiogr3j7nhhhvYZ599eO+99yguLi75gCnPYYcdxqpVq1i7di1PPfUUf/7zn0uO8fbbb5db\nhrszdepUhgwZkrCusLCQrKwsvvzyS4qLi8nKClq0S9cASs8/+OCDrF27loULF1KvXj1ycnKSPtAY\nf87q1KlDUVER7k7nzp156623dtg2vtmsPNnZ2QwcOJAXX3yRRx55hFGjRgHln9cGDRokLau891E6\n9lizUjLuzp/+9CfOPvvsSO9hV5R5zcHdrzKzLOAFdx9X6jU+5ZFliKcXr2b5mqptqojp1Koxw3vs\nn5KypXocddRRPProo6xfH9yEF2tWysnJYeHChQDMnDmT7du3V6rcKPtv3LiRVq1akZWVxf3338+P\nP/4IQKNGjfjuu++SlmtmnHTSSfz+97+nY8eOJd/qBw8ezNSpU0u2W7x4ccK+Q4YM4dZbby2J5aOP\nPmLz5s0UFRUxfvx4HnroITp27Mj1119fss9LL73E119/zZYtW3jqqac4/PDDE97D3nvvTb169Zg7\ndy6ffvpp5HPUvn171q5dW5Ictm/fzrJly2jatClNmzbl9ddfB4IP7rKMHDmSe+65h9dee42hQ4eW\nxJTsvJansu+jUaNGtG7dmqeeegqAbdu28f333zNkyBDuvvtuNm3aBMDq1av56qvU9DpU7jUHdy82\nsz8CM1Jy9FqiU6vGPHL2YekOQ2qgzp07c8UVVzBgwADq1KlDz549ycvLY8KECQwfPpzu3bszdOjQ\nMr9xliXK/ueeey6nnHIK99133w7bdOvWjTp16tC9e3fGjh1b0kQRM3LkSHr37k1eXl7Jsptuuonz\nzjuPbt26UVRURP/+/bntttt22O/MM8+koKCAXr164e60bNmSp556iuuuu44jjzySI444gu7du5dc\nW4CgGeaUU06hsLCQMWPGJNw1dfrpp3PCCSfQtWtXcnNz6dChQ+RztMcee/DYY49xwQUXsHHjRoqK\nivjd735H586dueeeexg/fjxmVtJsl8zgwYM544wzGD58OHvssUe557U8O/M+7r//fs4++2yuvPJK\n6tWrx6OPPsrgwYNZsWIFhx0WfN40bNiQBx54gL33rvo+Sy12Vb/MDcyuAdYBjwCbY8vdveIraymQ\nm5vrsYs/NcHI24NvJUoONdOKFSvo2LFjusOQJPLy8sjPz+fmm29Odyi1TrK/ezNb6O6R71mO8pzD\nyPDneXHLHNBgPyIitVSUW1l3rfcmEZEkxo4dy9ixY9MdhpQhasd7XYBO7Njx3n2pCkpERNIryhjS\nVxF0jteJoCuMY4HXASUHEZFaKkr3GacCRwNfuPs4oDvQJKVRiYhIWkVJDlvcvRgoMrPGwFfsOE6D\niIjUMlGSQ37Y8d4dwEKCzvfeKn8XEYmpbLfNsY7wIHjA7Zprril3+yuvvJI5c+aUW87OyMnJYd26\ndTu9f0VKdx6YTFnvbWcMHDiQVNwGX5Ux1iRR7lY6N5y8zcxmAY3dfUlqwxJJjRteqrh/ocq4aFCF\nQ5vsUrfNw4YNK+mgrSyTJ1c0KGPmqunv7ccff6zxMe6sKCPBzTSz08ysgbsXKDGIVE6UrqVnzZpF\nhw4d6NWrF0888VO3ZXl5eUycOJGNGzdy4IEHlvSntHnzZtq0acP27dt3+AZeVjlXX3011157bcl8\nly5dKCgoAODEE0/k0EMPpXPnzkybNq3C9zN79mwOO+wwevXqxYgRI9i0aRMbN26kffv2fPjhhwCM\nHj2aO+64o+T9X3TRRXTu3Jmjjz466RCWkydPpnfv3nTp0oWzzjqr5LzEv7ecnByuuuqqkm6vP/jg\ng5JzMX78ePr06UPPnj1LusPesmULo0aNomPHjpx00klJ+yyaNWsWI0aMKJmPr22dc8455Obm0rlz\n5x26xs7JyeHSSy+lV69ePProozvEWNb7GDhwIJdeeil9+vThkEMO4bXXXgOC5HLxxRfTpUsXunXr\nVtJFSVldjVenKM1K1wFHAMvN7DEzO9XMKu7BS0QSvPvuu9x4440sX76cjz/+mDfeeIOtW7cyYcIE\nnnnmGRYuXMgXX3yRsF+TJk3o0aMH//rXvwB49tlnGTJkCPXq1SvZJko5ydx9990sXLiQ/Px8brrp\nppJ+oJJZt24dU6ZMYc6cOSxatIjc3Fyuv/56mjRpws0338zYsWN5+OGH2bBhAxMmTACCD+/c3FyW\nLVvGgAEDko7bMHHiRBYsWMDSpUvZsmVLSXfipbVo0YJFixZxzjnnlCS7v/71rxx11FHMnz+fuXPn\ncskll7B582ZuvfVW6tevz4oVK5g0aVJJX1TxjjnmGN555x02bw46f4jvYO+vf/0r+fn5LFmyhH/9\n618sWfLT9+LmzZuzaNGikm2jvI+ioiLmz5/PjTfeWHIOpk2bRkFBAYsXL2bJkiWcfvrpbN++nfPP\nP5/HHnuMhQsXMn78eK644ooyfyepUmFycPd/hU1LBwG3A78kuCgtIpUU61o6KyurpGvpDz74gLZt\n29KuXTvMjDFjxiTdd+TIkTzyyCMAO3SnHRO1nNJuuukmunfvTr9+/fj8889ZuXJlmdu+/fbbLF++\nnMMPP5wePXpw7733lnQiN2jQILp27cp5553HnXfeWbJPVlZWSaxjxowp6fAu3ty5c+nbty9du3bl\nlVdeYdmyZUmPf/LJwQgCsa6tIajJXHPNNfTo0YOBAweydetWPvvsM1599dWSc9CtWze6deuWUF7d\nunUZOnQozzzzDEVFRTz33HMMHz4cgBkzZtCrVy969uzJsmXLduiyvPS5j/I+ksU+Z84czj77bOrW\nDVr4mzVrxocffljS1XiPHj2YMmUKhYWFSY+XSlEfgtuToOvukUAv4N5UBiVSWyXrWjqqYcOGcfnl\nl/P111+zcOFCjjrqqMj7xnfxDZR0Fz1v3jzmzJnDW2+9Rf369Us+XMvi7gwaNIiHHkocDLK4uJgV\nK1ZQv359NmzYUDK+Qmmlu+XeunUr5557Lvn5+bRp04arr766zBhi5y/+3Lk7jz/+OO3bty/nDJRt\n1KhR3HzzzTRr1ozc3FwaNWrEJ598wrXXXsuCBQvYa6+9GDt27A4xJetsr6L3kSz2ZMrqary6Rbnm\nMANYARwF3Awc7O7npzowkd1Fhw4dKCgoKBkGMtkHLwRt97179+bCCy/k+OOPp06dOpHLycnJYdGi\nRUAwWtknn3wCBF1J77XXXtSvX58PPviAt99+u9xY+/XrxxtvvMGqVauAoMkoNtjNDTfcQMeOHZk+\nfTrjxo0r6bq7uLi4pE1++vTpHHHEETuUGfsAbdGiBZs2barwDqbShgwZwtSpU0va9999910A+vfv\nz/Tp0wFYunTpDs1C8QYMGMCiRYu44447SpqJvv32Wxo0aECTJk348ssvkw4GVNrOvI9BgwZx++23\nlySLr7/+usyuxqtblJrDXcBod6+403IRqbTs7GymTZvGcccdR/369TnyyCPLHG9h5MiRjBgxomRo\nz6jlxLqY7ty5M3379uWQQ4K7rIYOHcptt91Gx44dad++Pf369Ss31pYtW5KXl8fo0aPZtm0bAFOm\nTMHdufPOO5k/fz6NGjWif//+TJkyhUmTJtGgQQPmz5/PlClT2HvvvUuaxmKaNm3KhAkT6NKlC/vu\nuy+9e/eu1Pn7y1/+wu9+9zu6detGcXExbdu25dlnn+Wcc85h3LhxdOzYkY4dO3LooYcm3b9OnToc\nf/zx5OXlce+9QaNI9+7d6dmzJx06dKBNmzYJ40wkszPv48wzz+Sjjz6iW7du1KtXjwkTJjBx4sQy\nuxqvThV22V3TqMtuqQx12Z1+DRs2LBmcRqpHVXTZHeVuJRER2c0oOYhISqnWkJnKvOZgZr3K29Hd\nF1V9OCLZwPE1AAAQ3ElEQVQiUhOUd0H6uvBnNpALvAcY0A3IB9TILhnB3RNunxSprarqOnKZzUru\n/l/u/l/AGqCXu+e6+6FAT2B1lRxdJMWys7NZv359lf3DiNRk7s769evJzt71Tiyi3Mra3t3fjzv4\nUjPT7R+SEVq3bk1hYWHS/nxEaqPs7OwyH0CsjCjJYYmZ3Qk8EM6fDqjzPckI9erVo21bDYMuUllR\nksM44BzgwnD+VeDWlEUkIiJpF2U8h61mdhvwvLt/WA0xiYhImkXpW2kYsBiYFc73MLOZqQ5MRETS\nJ8pDcFcBfYBvANx9MaBGXBGRWixKctju7htLLYt0X6CZDTWzD81slZldVs52p5iZm1nkfj9ERCR1\noiSHZWZ2GlDHzNqZ2VSgwkFxzawOcAtwLNAJGG1mnZJs14jgYvc7lYpcRERSJkpyOB/oDGwDHgK+\nBX4XYb8+wCp3/9jdfwAeBoYn2e5/gL8BZY8wIiIi1SrKMKHfu/sV7t47fEr6CneP8kG+P/B53Hxh\nuKxE2H9TG3d/rryCzOwsM8s3s3w9zCQiknoV3spqZocAFwM58du7e/QxCpOXmwVcD4ytaFt3nwZM\ng2A8h105roiIVCzKQ3CPArcBdwKVGQ1uNdAmbr41O/bJ1AjoAswLO0XbF5hpZsPcveaM5iMishuK\nkhyK3H1nnoheALQzs7YESWEUcFpsZXgHVIvYvJnNAy5WYhARSb8oF6SfMbNzzayVmTWLvSrayd2L\ngInAi8AKYIa7LzOzyeGDdSIiUkNFqTn8Ovx5SdwyBw6qaEd3fx54vtSyK8vYdmCEWFJu0jPLWP6f\nbyNvv3zNt3Rq1TiFEYmIVL8ofSvVmqehb3jpowq3efezb1j73bYKt2u9154AdGrVmOE99q9gaxGR\nzFLeMKFHufsrZnZysvXu/kTqwkqfAYe0jLTdRYMOSXEkIiLpU17NYQDwCnBCknUO1MrkICIi5SQH\nd78q/Dmu+sIREZGaIMoFaczsOIIuNEoGJnX3yakKSkRE0ivKeA63ASMJ+lgyYARwYIrjEhGRNIry\nnMMv3P1XwAZ3nwQcBuhqrIhILRYlOWwJf35vZvsB24FWqQtJRETSLco1h2fNrCnwD2ARwZ1Kd6Y0\nKhERSasoD8H9Tzj5uJk9C2QnGRlORERqkfIegkv68Fu4rtY+BCciIuXXHJI9/Bajh+BERGqx8h6C\n08NvIiK7qSjPOTQ3s5vMbJGZLTSzf5pZ8+oITkRE0iPKrawPA2uBU4BTw+lHUhmUiIikV5RbWVvF\n3bEEMMXMRqYqIBERSb8oNYfZZjbKzLLC1y8JRncTEZFaKkpymABMB7aFr4eBs83sOzOLPmSaiIhk\njCgPwTWqjkBERKTmiHK30m9Kzdcxs6tSF5KIiKRblGalo83seTNrZWZdgLcB1SZERGqxKM1Kp4V3\nJ70PbAZOc/c3Uh6ZiIikTZRmpXbAhcDjwKfAGWZWP9WBiYhI+kRpVnoG+Iu7nw0MAFYCC1IalYiI\npFWUh+D6uPu3AO7uwHVm9kxqwxIRkXQqs+ZgZn8EcPdvzWxEqdVjUxmUiIikV3nNSqPipv9Uat3Q\nFMQiIiI1RHnJwcqYTjYvIiK1SHnJwcuYTjYvIiK1SHkXpLuHfScZsGdcP0oGZKc8MhERSZvyRoKr\nU52BiIhIzRHlOQcREdnNpDQ5mNlQM/vQzFaZ2WVJ1v/ezJab2RIze9nMDkxlPCIiEk3KkoOZ1QFu\nAY4FOgGjzaxTqc3eBXLdvRvwGPD3VMUjIiLRpbLm0AdY5e4fu/sPBIMEDY/fwN3nuvv34ezbQOsU\nxiMiIhGlMjnsD3weN18YLivLb4AXkq0ws7PMLN/M8teuXVuFIYqISDI14oK0mY0BcoF/JFvv7tPc\nPdfdc1u2bFm9wYmI7IaidLy3s1YDbeLmW4fLdmBmxwBXAAPcfVsK4xERkYhSWXNYALQzs7ZmtgdB\nX00z4zcws57A7cAwd/8qhbGIiEglpKzm4O5FZjYReBGoA9zt7svMbDKQ7+4zCZqRGgKPmhnAZ+4+\nLFUxpdoNL31UZWVdNOiQKitLRKSyUtmshLs/DzxfatmVcdPHpPL4IiKyc2rEBWkREalZlBxERCSB\nkoOIiCRQchARkQRKDiIikkDJQUREEig5iIhIAiUHERFJoOQgIiIJlBxERCSBkoOIiCRIad9KUrXU\nsZ+IVBfVHEREJIGSg4iIJFByEBGRBEoOIiKSQMlBREQSKDmIiEgCJQcREUmg5CAiIgmUHEREJIGe\nkJYSegJbRGJUcxARkQSqOUi1UK1EJLOo5iAiIglUc5BaQTUTkaqlmoOIiCRQchARkQRqVhKJQM1W\nsrtRzUFERBKo5iBSA6hmIjWNkoPIbkDJRypLyUFEdokST+2U0uRgZkOBfwJ1gDvd/ZpS638G3Acc\nCqwHRrp7QSpjEpHMkurko+SWXMqSg5nVAW4BBgGFwAIzm+nuy+M2+w2wwd1/bmajgL8BI1MVk4hI\ndcvU5JPKu5X6AKvc/WN3/wF4GBheapvhwL3h9GPA0WZmKYxJREQiMHdPTcFmpwJD3f3McP4MoK+7\nT4zbZmm4TWE4/+9wm3WlyjoLOCucbU/QBLXDNhmmBZkbfybHDpkdfybHDpkdfybHDkH8Ddy9ZdQd\nMuKCtLtPA6bF5s0s391z0xjSLsnk+DM5dsjs+DM5dsjs+DM5diiJP6cy+6SyWWk10CZuvnW4LOk2\nZlYXaEJQKxARkTRKZXJYALQzs7ZmtgcwCphZapuZwK/D6VOBVzxV7VwiIhJZypqV3L3IzCYCLxLc\nynq3uy8zs8lAvrvPBO4C7jezVcDXBAkkimkVb1KjZXL8mRw7ZHb8mRw7ZHb8mRw77ET8KbsgLSIi\nmUsd74mISAIlBxERSZBxycHMhprZh2a2yswuS3c8UZlZGzOba2bLzWyZmV2Y7pgqy8zqmNm7ZvZs\numOpLDNramaPmdkHZrbCzA5Ld0yVYWYXhX83S83sITPLTndM5TGzu83sq/BZptiyZmb2kpmtDH/u\nlc4Yy1JG7P8I/3aWmNmTZtY0nTGWJ1n8cev+YGZuZi0qKiejkkNclxzHAp2A0WbWKb1RRVYE/MHd\nOwH9gPMyKPaYC4EV6Q5iJ/0TmOXuHYDuZND7MLP9gQuAXHfvQnCDR9SbN9IlDxhaatllwMvu3g54\nOZyvifJIjP0loIu7dwM+Av5U3UFVQh6J8WNmbYDBwGdRCsmo5EC0LjlqJHdf4+6LwunvCD6c9k9v\nVNGZWWvgOODOdMdSWWbWBOhPcHcc7v6Du3+T3qgqrS6wZ/g8UH3gP2mOp1zu/irBHYjx4rvLuRc4\nsVqDiihZ7O4+292Lwtm3CZ7bqpHKOPcANwB/BCLdhZRpyWF/4PO4+UIy6AM2xsxygJ7AO+mNpFJu\nJPjDKk53IDuhLbAWuCdsFrvTzBqkO6io3H01cC3BN741wEZ3n53eqHbKPu6+Jpz+AtgnncHsgvHA\nC+kOojLMbDiw2t3fi7pPpiWHjGdmDYHHgd+5+7fpjicKMzse+MrdF6Y7lp1UF+gF3OruPYHN1Nwm\njQRh2/xwgiS3H9DAzMakN6pdEz7smnH30ZvZFQRNxA+mO5aozKw+cDlwZWX2y7TkEKVLjhrLzOoR\nJIYH3f2JdMdTCYcDw8ysgKAp7ygzeyC9IVVKIVDo7rGa2mMEySJTHAN84u5r3X078ATwizTHtDO+\nNLNWAOHPr9IcT6WY2VjgeOD0DOvJ4WCCLxbvhf/DrYFFZrZveTtlWnKI0iVHjRR2RX4XsMLdr093\nPJXh7n9y99Zhx12jCLo5yZhvru7+BfC5mbUPFx0NLC9nl5rmM6CfmdUP/46OJoMuqMeJ7y7n18DT\naYylUsKBy/4IDHP379MdT2W4+/vuvre754T/w4VAr/D/okwZlRzCC0KxLjlWADPcfVl6o4rscOAM\ngm/di8PXf6c7qN3I+cCDZrYE6AH8b5rjiSys8TwGLALeJ/i/rdHdOZjZQ8BbQHszKzSz3wDXAIPM\nbCVBbeia8spIlzJivxloBLwU/u/eltYgy1FG/JUvJ7NqRyIiUh0yquYgIiLVQ8lBREQSKDmIiEgC\nJQcREUmg5CAiIgmUHKRKmNmP4S1+S83s0fCpzGTbPb8zPVqa2X5m9tguxFcQpSfKTGdmY81svzLW\nTTazYypZ3m5x3iSRkoNUlS3u3iPsNfQH4LfxKy2Q5e7/vTOd3rn7f9z91KoKthYbS9DFRgJ3v9Ld\n51RvOJKplBwkFV4Dfm5mOeHYG/cBS4E2sW+i4boVZnZHOE7BbDPbE8DMfm5mc8zsPTNbZGYHh9sv\nDdePNbOnzWxeODbAVbEDm9lTZrYwLPOsigK1YHyQReGxXg6XNQvLWWJmb5tZt3D51WZ2r5m9Zmaf\nmtnJZvZ3M3vfzGaF3aPEvm3Hls83s5+Hy3PM7JWw3JfN7IBweZ6Z3WRmb5rZx2Z2alx8l5jZgnCf\nSXHlJJy7cL9cgof9FsfOZ1xZebGywxgnhe/9fTPrEC5vHpa3zMzuBCxu/zHh+1lsZrdbML7HgeHv\noIWZZYXnZnDl/lykRnJ3vfTa5RewKfxZl6BbhHOAHIJeXPvFbVcAtAjXFQE9wuUzgDHh9DvASeF0\nNkEX1TnA0nDZWILeSZsDexIkntxwXbPwZ2x58/jjloq5JUEvv21L7TsVuCqcPgpYHE5fDbwO1CMY\nE+J74Nhw3ZPAiXHHuiKc/hXwbDj9DPDrcHo88FQ4nQc8SvBlrRNBt/QQ9L0/jeADOgt4lqDr8fLO\n3bzYuUjyO8oDTo2L8fxw+lzgznD6JuDKcPo4gs7xWgAdw/jrhev+H/CrcPrMMP5LgNvT/beoV9W8\nVHOQqrKnmS0G8gn6ArorXP6pu79dxj6fuPvicHohkGNmjYD93f1JAHff6sn7snnJ3de7+xaCjuiO\nCJdfYGbvEfS53wZoV07M/YBX3f2T8FixPvCPAO4Pl70CNDezxuG6Fzzo/O59gkF3ZoXL3yf40I55\nKO5nbNS5w4Dp4fT9cTFDkCiK3X05P3VlPTh8vUvQdUaHuPeTcO7KeZ9liXX+GL9/f+ABAHd/DtgQ\nLj8aOBRYEP6ejwYOCre7E2hM0JR48U7EITVQ3XQHILXGFnfvEb/AzCDoHrss2+KmfyT4th9V6X5f\n3MwGEvTZc5i7f29m8whqHlVpG4C7F5vZdnePxVHMjv9PXsZ0ueWGLO7n/7n77fEbWjAeyK6cu9LH\n/JGKPwsMuNfdE0ZAC28+iA1+0xD4bidikRpGNQepUTwYJa/QzE4EMLOfWfI7nwaF1wb2JBhR7A2g\nCbAhTAwdCGoG5Xkb6G9mbcNjNQuXvwacHi4bCKzzyo+9MTLu51vh9Jv8NLzn6eFxyvMiMN6CMUAw\ns/3NbO8K9vmOoIO4nfUqcFp4vGOB2DjPLwOnxo4fnvsDw3V/Ixjf4Ergjl04ttQgqjlITXQGcLuZ\nTQa2AyNIHIFuPsHYGK2BB9w938zeB35rZiuADwk+/Mvk7mvDi9ZPmFkWwfgCgwiuLdxtQQ+u3/NT\nN9OVsVe4/zZgdLjsfILR6C4hGJluXAXxzTazjsBbYS1sEzCG4Jt+WfKA28xsC0ENaksl454EPGRm\nywiS2WdhLMvN7M/A7PBcbScYBz0H6A0c7u4/mtkpZjbO3e+p5HGlhlGvrJJxLBh0JdfdJ6Y7lmQs\nGFAl193XpTsWkZ2lZiUREUmgmoOIiCRQzUFERBIoOYiISAIlBxERSaDkICIiCZQcREQkwf8Huhvz\n7tVG5DcAAAAASUVORK5CYII=\n",
      "text/plain": [
       "<matplotlib.figure.Figure at 0x7fa29c5d3d30>"
      ]
     },
     "metadata": {},
     "output_type": "display_data"
    }
   ],
   "source": [
    "import matplotlib.pyplot as plt\n",
    "plt.bar(range(1,14), var_expld, alpha=0.5, align='center',label='individual explained variance')\n",
    "plt.step(range(1,14), cum_var_expld, where='mid', label='cumulative explained variance')\n",
    "plt.ylabel('Explained variance ratio')\n",
    "plt.xlabel('Principal component index')\n",
    "plt.title('Variance Explained ratio')\n",
    "plt.legend(loc='best')\n",
    "plt.show()"
   ]
  },
  {
   "cell_type": "markdown",
   "metadata": {},
   "source": [
    "- We can see that the first 2 Princicpal component combined explain almost 60 percent of the variance in the dataset"
   ]
  },
  {
   "cell_type": "markdown",
   "metadata": {},
   "source": [
    "#### Feature Transformation"
   ]
  },
  {
   "cell_type": "code",
   "execution_count": 30,
   "metadata": {
    "collapsed": true
   },
   "outputs": [],
   "source": [
    "#  Making a list of (eigenvalue, eigenvector) tuples\n",
    "eigen_pairs  = [(np.abs(eigen_value[i]), eigen_vecs[:,i]) for i in range(len(eigen_value))]\n",
    "\n",
    "# Sort the (eigenvalue, eigenvector) tuple from high to low\n",
    "eigen_pairs.sort(key = lambda x: x[0], reverse=True)"
   ]
  },
  {
   "cell_type": "markdown",
   "metadata": {},
   "source": [
    "We collect the two eigenvectors that correspond to the two largest eigenvalues<br>\n",
    "Note that we only choose two eigenvectors for the purpose of illlustration, since we will plot the data"
   ]
  },
  {
   "cell_type": "code",
   "execution_count": 65,
   "metadata": {},
   "outputs": [
    {
     "name": "stdout",
     "output_type": "stream",
     "text": [
      "Matrix W: \n",
      " [[-0.13724218  0.24724326]\n",
      " [ 0.24724326  0.16487119]\n",
      " [-0.02545159  0.09615039]\n",
      " [ 0.20694508  0.56264669]\n",
      " [-0.15436582  0.08953787]\n",
      " [-0.39376952  0.6270364 ]\n",
      " [-0.41735106  0.27400201]\n",
      " [ 0.30572896  0.01257758]\n",
      " [-0.30668347  0.11045823]\n",
      " [ 0.07554066  0.02636524]\n",
      " [-0.32613263  0.1374056 ]\n",
      " [-0.36861022  0.08064016]\n",
      " [-0.29669651  0.26676921]]\n"
     ]
    }
   ],
   "source": [
    "# Creating a w matrix\n",
    "w = np.hstack((eigen_pairs[0][1][:,np.newaxis],\n",
    "              eigen_pairs[1][1][:, np.newaxis]))\n",
    "print('Matrix W: \\n', w)"
   ]
  },
  {
   "cell_type": "code",
   "execution_count": 38,
   "metadata": {
    "collapsed": true
   },
   "outputs": [],
   "source": [
    "# np.matmul(X_train_std, w).shape\n",
    "X_train_pca = X_train_std.dot(w)"
   ]
  },
  {
   "cell_type": "code",
   "execution_count": 40,
   "metadata": {},
   "outputs": [
    {
     "data": {
